1 2 0 -1 0 0 0 0 0 0 
1 1.99 0 -1 0.931439 0.663501 0.931439 0.663501 0.01 0 
1.00005 1.98003 0.00931439 -0.993365 1.86288 1.327 0.931439 0.663501 0.02 0 
1.00023 1.97017 0.0279432 -0.980095 2.79432 1.9905 0.931439 0.663501 0.03 0 
1.00065 1.96046 0.0558864 -0.96019 3.72576 2.654 0.931439 0.663501 0.04 0 
1.0014 1.951 0.0931439 -0.93365 4.6572 3.3175 0.931439 0.663501 0.05 0 
1.00256 1.94182 0.139716 -0.900475 5.58864 3.981 0.931439 0.663501 0.06 0 
1.00424 1.93302 0.195602 -0.860665 6.52008 4.64451 0.931439 0.663501 0.07 0 
1.00652 1.92464 0.260803 -0.81422 7.45151 5.30801 0.931439 0.663501 0.08 0 
1.0095 1.91677 0.335318 -0.76114 8.38295 5.97151 0.931439 0.663501 0.09 0 
1.01327 1.90945 0.419148 -0.701425 9.31439 6.63501 0.931439 0.663501 0.1 0 
1.01793 1.90277 0.512292 -0.635075 10.2458 7.29851 0.931439 0.663501 0.11 0 
1.02357 1.89679 0.61475 -0.56209 11.1773 7.96201 0.931439 0.663501 0.12 0 
1.03027 1.89156 0.726523 -0.482469 12.1087 8.62551 0.931439 0.663501 0.13 0 
1.03814 1.88717 0.84761 -0.396214 13.0402 9.28901 0.931439 0.663501 0.14 0 
1.04727 1.88367 0.978011 -0.303324 13.9716 9.95251 0.931439 0.663501 0.15 0 
1.05775 1.88114 1.11773 -0.203799 14.903 10.616 0.931439 0.663501 0.16 0 
1.06967 1.87963 1.26676 -0.097639 15.8345 11.2795 0.931439 0.663501 0.17 0 
1.08313 1.87922 1.4251 0.0151562 16.7659 11.943 0.931439 0.663501 0.18 0 
1.09822 1.87997 1.59276 0.134586 17.6973 12.6065 0.931439 0.663501 0.19 0 
1.11503 1.88194 1.76973 0.260651 18.6288 13.27 0.931439 0.663501 0.2 0 
1.13366 1.88521 1.95602 0.393352 19.5602 13.9335 0.931439 0.663501 0.21 0 
1.1542 1.88984 2.15162 0.532687 20.4917 14.597 0.931439 0.663501 0.22 0 
1.17674 1.8959 2.35654 0.678657 21.4231 15.2605 0.931439 0.663501 0.23 0 
1.20138 1.90345 2.57077 0.831262 22.3545 15.924 0.931439 0.663501 0.24 0 
1.2282 1.91256 2.79432 0.990502 23.286 16.5875 0.931439 0.663501 0.25 0 
1.25731 1.92329 3.02718 1.15638 24.2174 17.251 0.931439 0.663501 0.26 0 
1.28879 1.93572 3.26935 1.32889 25.1489 17.9145 0.931439 0.663501 0.27 0 
1.32274 1.9499 3.52084 1.50803 26.0803 18.578 0.931439 0.663501 0.28 0 
1.35926 1.96591 3.78164 1.69381 27.0117 19.2415 0.931439 0.663501 0.29 0 
1.35926 1.96591 3.78164 1.69381 27.0117 19.2415 0.931439 0.663501 0.29 0 
1.39842 1.98381 4.05176 1.88623 26.7943 20.2219 -0.217477 0.980388 0.3 0 
1.44028 2.00369 4.3197 2.08845 26.5768 21.2023 -0.217477 0.980388 0.31 0 
1.48481 2.02563 4.58547 2.30047 26.3593 22.1827 -0.217477 0.980388 0.32 0 
1.53198 2.04974 4.84906 2.5223 26.1418 23.1631 -0.217477 0.980388 0.33 0 
1.58178 2.07613 5.11048 2.75393 25.9244 24.1435 -0.217477 0.980388 0.34 0 
1.63418 2.10487 5.36973 2.99536 25.7069 25.1238 -0.217477 0.980388 0.35 0 
1.68916 2.13608 5.6268 3.2466 25.4894 26.1042 -0.217477 0.980388 0.36 0 
1.7467 2.16985 5.88169 3.50764 25.2719 27.0846 -0.217477 0.980388 0.37 0 
1.80678 2.20628 6.13441 3.77849 25.0545 28.065 -0.217477 0.980388 0.38 0 
1.86938 2.24547 6.38495 4.05914 24.837 29.0454 -0.217477 0.980388 0.39 0 
1.93447 2.28752 6.63332 4.34959 24.6195 30.0258 -0.217477 0.980388 0.4 0 
2.00204 2.33251 6.87952 4.64985 24.402 31.0062 -0.217477 0.980388 0.41 0 
2.00204 2.33251 6.87952 4.64985 24.402 31.0062 -0.217477 0.980388 0.41 0 
2.07205 2.38056 7.12354 4.95991 24.2602 30.1258 -0.14179 -0.88035 0.42 0 
2.1445 2.43167 7.36614 5.26117 24.1184 29.2455 -0.14179 -0.88035 0.43 0 
2.21937 2.48574 7.60732 5.55363 23.9766 28.3651 -0.14179 -0.88035 0.44 0 
2.23846 2.49971 7.66728 5.62463 23.8349 27.4848 -0.14179 -0.88035 0.4425 0 
2.23846 2.49971 6.15856 -2.41859 0 0 0 0 0.4425 1 
2.30005 2.47553 6.15856 -2.41859 -0.211935 -0.873498 -0.211935 -0.873498 0.4525 1 
2.36162 2.4513 6.15644 -2.42733 -0.42387 -1.747 -0.211935 -0.873498 0.4625 1 
2.42316 2.42694 6.15221 -2.4448 -0.635804 -2.62049 -0.211935 -0.873498 0.4725 1 
2.48465 2.40236 6.14585 -2.471 -0.847739 -3.49399 -0.211935 -0.873498 0.4825 1 
2.54607 2.37747 6.13737 -2.50594 -1.05967 -4.36749 -0.211935 -0.873498 0.4925 1 
2.60739 2.3522 6.12677 -2.54962 -1.27161 -5.24099 -0.211935 -0.873498 0.5025 1 
2.6686 2.32644 6.11406 -2.60203 -1.48354 -6.11448 -0.211935 -0.873498 0.5125 1 
2.72966 2.30011 6.09922 -2.66317 -1.69548 -6.98798 -0.211935 -0.873498 0.5225 1 
2.79057 2.27313 6.08227 -2.73305 -1.90741 -7.86148 -0.211935 -0.873498 0.5325 1 
2.8513 2.24541 6.06319 -2.81167 -2.11935 -8.73498 -0.211935 -0.873498 0.5425 1 
2.91182 2.21685 6.042 -2.89901 -2.33128 -9.60847 -0.211935 -0.873498 0.5525 1 
2.97213 2.18738 6.01869 -2.9951 -2.54322 -10.482 -0.211935 -0.873498 0.5625 1 
3.03219 2.15691 5.99325 -3.09992 -2.75515 -11.3555 -0.211935 -0.873498 0.5725 1 
3.09198 2.12534 5.9657 -3.21347 -2.96709 -12.229 -0.211935 -0.873498 0.5825 1 
3.15149 2.09259 5.93603 -3.33576 -3.17902 -13.1025 -0.211935 -0.873498 0.5925 1 
3.21069 2.05858 5.90424 -3.46679 -3.39096 -13.976 -0.211935 -0.873498 0.6025 1 
3.26956 2.02321 5.87033 -3.60655 -3.60289 -14.8495 -0.211935 -0.873498 0.6125 1 
3.32809 1.98641 5.8343 -3.75504 -3.81483 -15.723 -0.211935 -0.873498 0.6225 1 
3.38624 1.94807 5.79615 -3.91227 -4.02676 -16.5965 -0.211935 -0.873498 0.6325 1 
3.444 1.90812 5.75589 -4.07824 -4.2387 -17.47 -0.211935 -0.873498 0.6425 1 
3.50135 1.86646 5.7135 -4.25294 -4.45063 -18.3434 -0.211935 -0.873498 0.6525 1 
3.55826 1.82302 5.66899 -4.43637 -4.66257 -19.2169 -0.211935 -0.873498 0.6625 1 
3.61471 1.77769 5.62237 -4.62854 -4.8745 -20.0904 -0.211935 -0.873498 0.6725 1 
3.67069 1.7304 5.57362 -4.82944 -5.08644 -20.9639 -0.211935 -0.873498 0.6825 1 
3.72618 1.68106 5.52276 -5.03908 -5.29837 -21.8374 -0.211935 -0.873498 0.6925 1 
3.78114 1.62958 5.46978 -5.25746 -5.51031 -22.7109 -0.211935 -0.873498 0.7025 1 
3.83556 1.57587 5.41467 -5.48457 -5.72224 -23.5844 -0.211935 -0.873498 0.7125 1 
3.88942 1.51984 5.35745 -5.72041 -5.93418 -24.4579 -0.211935 -0.873498 0.7225 1 
3.90655 1.50139 5.3385 -5.79853 -6.14611 -25.3314 -0.211935 -0.873498 0.725703 1 
3.90655 1.50139 4.10447 2.49337 0 0 0 0 0.725703 2 
3.9476 1.52632 4.10447 2.49337 -0.312666 0.0934494 -0.312666 0.0934494 0.735703 2 
3.98863 1.55126 4.10134 2.4943 -0.625332 0.186899 -0.312666 0.0934494 0.745703 2 
4.02961 1.57622 4.09509 2.49617 -0.937998 0.280348 -0.312666 0.0934494 0.755703 2 
4.07051 1.60119 4.08571 2.49898 -1.25066 0.373798 -0.312666 0.0934494 0.765703 2 
4.11131 1.6262 4.0732 2.50271 -1.56333 0.467247 -0.312666 0.0934494 0.775703 2 
4.15196 1.65125 4.05757 2.50739 -1.876 0.560697 -0.312666 0.0934494 0.785703 2 
4.19244 1.67635 4.03881 2.51299 -2.18866 0.654146 -0.312666 0.0934494 0.795703 2 
4.23272 1.70151 4.01692 2.51953 -2.50133 0.747595 -0.312666 0.0934494 0.805703 2 
4.27277 1.72675 3.99191 2.52701 -2.81399 0.841045 -0.312666 0.0934494 0.815703 2 
4.31254 1.75206 3.96377 2.53542 -3.12666 0.934494 -0.312666 0.0934494 0.825703 2 
4.35203 1.77746 3.9325 2.54477 -3.43933 1.02794 -0.312666 0.0934494 0.835703 2 
4.39118 1.80296 3.89811 2.55504 -3.75199 1.12139 -0.312666 0.0934494 0.845703 2 
4.42997 1.82857 3.86059 2.56626 -4.06466 1.21484 -0.312666 0.0934494 0.855703 2 
4.46837 1.85429 3.81994 2.57841 -4.37732 1.30829 -0.312666 0.0934494 0.865703 2 
4.50636 1.88014 3.77617 2.59149 -4.68999 1.40174 -0.312666 0.0934494 0.875703 2 
4.54388 1.90612 3.72927 2.60551 -5.00266 1.49519 -0.312666 0.0934494 0.885703 2 
4.58092 1.93225 3.67925 2.62046 -5.31532 1.58864 -0.312666 0.0934494 0.895703 2 
4.61745 1.95854 3.62609 2.63635 -5.62799 1.68209 -0.312666 0.0934494 0.905703 2 
4.65343 1.98499 3.56981 2.65317 -5.94065 1.77554 -0.312666 0.0934494 0.915703 2 
4.65343 1.98499 3.56981 2.65317 -5.94065 1.77554 -0.312666 0.0934494 0.915703 2 
4.68883 2.01161 3.51041 2.67092 -6.44036 2.32178 -0.499703 0.54624 0.925703 2 
4.72361 2.03843 3.446 2.69414 -6.94006 2.86802 -0.499703 0.54624 0.935703 2 
4.75773 2.06552 3.3766 2.72282 -7.43976 3.41426 -0.499703 0.54624 0.945703 2 
4.79112 2.09291 3.3022 2.75696 -7.93947 3.9605 -0.499703 0.54624 0.955703 2 
4.82375 2.12068 3.22281 2.79657 -8.43917 4.50674 -0.499703 0.54624 0.965703 2 
4.85555 2.14887 3.13842 2.84164 -8.93887 5.05298 -0.499703 0.54624 0.975703 2 
4.88649 2.17754 3.04903 2.89216 -9.43857 5.59922 -0.499703 0.54624 0.985703 2 
4.91651 2.20674 2.95464 2.94816 -9.93828 6.14546 -0.499703 0.54624 0.995703 2 
4.94556 2.23653 2.85526 3.00961 -10.438 6.6917 -0.499703 0.54624 1.0057 2 
4.97359 2.26696 2.75088 3.07653 -10.9377 7.23794 -0.499703 0.54624 1.0157 2 
5.00055 2.29809 2.6415 3.14891 -11.4374 7.78418 -0.499703 0.54624 1.0257 2 
5.02639 2.32997 2.52713 3.22675 -11.9371 8.33042 -0.499703 0.54624 1.0357 2 
5.05107 2.36265 2.40776 3.31005 -12.4368 8.87666 -0.499703 0.54624 1.0457 2 
5.07452 2.3962 2.28339 3.39882 -12.9365 9.4229 -0.499703 0.54624 1.0557 2 
5.09671 2.43066 2.15403 3.49305 -13.4362 9.96914 -0.499703 0.54624 1.0657 2 
5.11758 2.46609 2.01966 3.59274 -13.9359 10.5154 -0.499703 0.54624 1.0757 2 
5.13708 2.50254 1.8803 3.69789 -14.4356 11.0616 -0.499703 0.54624 1.0857 2 
5.15516 2.54007 1.73595 3.80851 -14.9353 11.6079 -0.499703 0.54624 1.0957 2 
5.17177 2.57874 1.5866 3.92459 -15.435 12.1541 -0.499703 0.54624 1.1057 2 
5.18687 2.61859 1.43225 4.04613 -15.9347 12.7003 -0.499703 0.54624 1.1157 2 
5.20039 2.65969 1.2729 4.17313 -16.4344 13.2466 -0.499703 0.54624 1.1257 2 
5.2123 2.70208 1.10855 4.3056 -16.9341 13.7928 -0.499703 0.54624 1.1357 2 
5.22254 2.74583 0.939213 4.44353 -17.4338 14.3391 -0.499703 0.54624 1.1457 2 
5.23106 2.79098 0.764875 4.58692 -17.9335 14.8853 -0.499703 0.54624 1.1557 2 
5.23781 2.83759 0.58554 4.73577 -18.4332 15.4315 -0.499703 0.54624 1.1657 2 
5.24275 2.88572 0.401207 4.89009 -18.9329 15.9778 -0.499703 0.54624 1.1757 2 
5.24581 2.93542 0.211878 5.04986 -19.4326 16.524 -0.499703 0.54624 1.1857 2 
5.24696 2.98675 0.0175518 5.21511 -19.9323 17.0703 -0.499703 0.54624 1.1957 2 
5.24614 3.03975 -0.181772 5.38581 -20.432 17.6165 -0.499703 0.54624 1.2057 2 
5.2433 3.09449 -0.386092 5.56197 -20.9317 18.1627 -0.499703 0.54624 1.2157 2 
5.23839 3.15102 -0.595409 5.7436 -21.4314 18.709 -0.499703 0.54624 1.2257 2 
5.23136 3.20939 -0.809724 5.93069 -21.9311 19.2552 -0.499703 0.54624 1.2357 2 
5.22217 3.26966 -1.02904 6.12324 -22.4309 19.8015 -0.499703 0.54624 1.2457 2 
5.22217 3.26966 -1.02904 6.12324 -22.4309 19.8015 -0.499703 0.54624 1.2457 2 
5.21076 3.33188 -1.25334 6.32126 -22.6235 20.608 -0.19261 0.806528 1.2557 2 
5.19709 3.39612 -1.47958 6.52734 -22.8161 21.4145 -0.19261 0.806528 1.2657 2 
5.18116 3.46247 -1.70774 6.74148 -23.0087 22.221 -0.19261 0.806528 1.2757 2 
5.16293 3.53099 -1.93783 6.96369 -23.2013 23.0276 -0.19261 0.806528 1.2857 2 
5.14239 3.60178 -2.16984 7.19397 -23.3939 23.8341 -0.19261 0.806528 1.2957 2 
5.11952 3.67491 -2.40378 7.43231 -23.5865 24.6406 -0.19261 0.806528 1.3057 2 
5.09431 3.75047 -2.63964 7.67872 -23.7791 25.4472 -0.19261 0.806528 1.3157 2 
5.06672 3.82853 -2.87743 7.93319 -23.9717 26.2537 -0.19261 0.806528 1.3257 2 
5.03675 3.90917 -3.11715 8.19572 -24.1643 27.0602 -0.19261 0.806528 1.3357 2 

